27
27
27
27
27
26.9
26.9
26.9
26.9
26.9
26.9
26.8
26.8
26.8
26.8
26.7
26.7
26.6
26.6
26.6
26.6
26.6
26.5
26.5
26.5
26.5
26.5
26.5
26.5
26.5
26.5
26.5
26.4
26.4
26.6
26.6
26.5
26.5
26.5
26.7
26.7
26.6
26.5
26.5
26.4
26.4
26.4
26.3
26.3
26.2
26.2
26.1
26.1
26
25.9
26.0
25.9
25.9
25.8
25.7
25.7
25.7
25.7
25.6
25.6
25.5
25.5
25.4
25.3
25.2
25.1
24.9
24.9
24.8
24.9
24.9
24.7
24.7
24.7
24.7
24.6
24.5
24.5
24.4
24.4
24.3
24.2
24.4
24.6
24.8
24.9
25
24.9
24.9
25
25.1
25.1
25.2
25.2
25.3
25.3
25.3
25.4
25.4
25.4
25.4
25.5
25.6
25.6
25.6
25.6
25.7
25.8
25.9
26
26
26
26.1
26.1
26.2
26.2
26.3
26.4
26.5
26.6
26.7
26.8
26.8
26.8
26.7
26.7
26.7
26.7
26.7
26.6
26.6
26.6
26.6
26.6
26.5
26.5
26.5
26.5
26.5
26.5
26.5
26.5
26.5
26.5
26.4
26.4
26.6
26.6
26.5
26.5
26.5
26.7
26.7
26.6
26.5
26.5
26.4
26.4
26.4
26.3
26.3
26.2
26.2
26.1
26.1
26
25.9
26.0
25.9
25.9
25.8
25.7
25.7
25.7
25.7
25.6
25.6
25.5
25.5
25.4
25.3
25.2
25.1
24.9
24.9
24.8
24.9
24.9
24.7
24.7
24.7
24.7
24.6
24.5
24.5
24.4
24.4
24.3
24.2
